(title "Velocity Magnitude")
(labels "Position" "Velocity Magnitude")

((xy/key/label "rake-8-eixo-y")
39.1919	0.0774174
38.3838	0.0862228
37.5758	0.0877852
36.7677	0.0881466
35.9596	0.0874948
35.1515	0.0861569
34.3434	0.0841072
33.5354	0.0816406
32.7273	0.0786245
31.9192	0.0751109
31.1111	0.0710467
30.303	0.0656754
29.4949	0.0576138
28.6869	0.0460706
27.8788	0.0313127
27.0707	0.0176192
26.2626	0.0145125
25.4545	0.0205917
24.6465	0.027374
23.8384	0.0336438
23.0303	0.0397456
22.2222	0.0459108
21.4141	0.0522753
20.6061	0.0586992
19.798	0.0639333
18.9899	0.0624111
18.1818	0.0533031
17.3737	0.0382683
16.5657	0.0186267
15.7576	0.017589
14.9495	0.0624881
14.1414	0.129209
13.3333	0.208286
12.5253	0.293096
-10.101	0.045072
-10.9091	0.045131
-11.7172	0.0451829
-12.5253	0.0451389
-13.3333	0.0451028
-14.1414	0.0451221
-14.9495	0.0451581
-15.7576	0.0455068
-16.5657	0.0460024
-17.3737	0.0466877
-18.1818	0.0477242
-18.9899	0.0489877
-19.798	0.0506438
-20.6061	0.05258
-21.4141	0.0547864
-22.2222	0.0572553
-23.0303	0.0599996
-23.8384	0.0627065
-24.6465	0.0656534
-25.4545	0.068831
-26.2626	0.0719537
-27.0707	0.0751458
-27.8788	0.0783845
-28.6869	0.0816151
-29.4949	0.0847727
-30.303	0.0879966
-31.1111	0.0911561
-31.9192	0.0944754
-32.7273	0.0978526
-33.5354	0.101501
-34.3434	0.105382
-35.1515	0.109736
-35.9596	0.114071
-36.7677	0.11847
-37.5758	0.121904
-38.3838	0.123332
-39.1919	0.118094
6.86869	0.374267
6.06061	0.28796
5.25252	0.189178
4.44445	0.0863757
3.63636	0.0230709
2.82828	0.0236921
2.0202	0.0268665
1.21212	0.0294663
0.40404	0.0317473
-0.40404	0.033734
11.7172	0.371292
10.9091	0.434924
10.101	0.476089
9.29293	0.49335
8.48485	0.480869
7.67677	0.440669
-1.21212	0.0355844
-2.0202	0.0371755
-2.82828	0.0386001
-3.63636	0.0398716
-4.44444	0.0410014
-5.25253	0.0420017
-6.06061	0.0428404
-6.86869	0.0435797
-7.67677	0.0441594
-8.48485	0.0445529
-9.29293	0.0448321
)
