(title "Velocity Magnitude")
(labels "Position" "Velocity Magnitude")

((xy/key/label "rake-6-eixo-z")
15.5455	0.0799894
15.3636	0.0795601
15.1818	0.0786
15	0.0774583
14.8182	0.0763166
14.6364	0.0750231
14.4545	0.0736421
14.2727	0.072261
14.0909	0.07088
13.9091	0.069499
13.7273	0.067936
13.5455	0.0659065
13.3636	0.063877
13.1818	0.0618475
13	0.0598181
12.8182	0.0577886
12.6364	0.0554097
12.4545	0.0526571
12.2727	0.0499045
12.0909	0.0471519
11.9091	0.0443993
11.7273	0.0416468
11.5455	0.0386534
11.3636	0.0354666
11.1818	0.0322798
11	0.0290929
10.8182	0.0259061
10.6364	0.0227193
10.4545	0.0197071
10.2727	0.0167065
10.0909	0.0144392
9.90909	0.0137092
9.72727	0.0129792
9.54545	0.0122492
9.36364	0.0115192
9.18182	0.0119415
9	0.0133502
8.81818	0.0147589
8.63636	0.0161676
8.45455	0.0175763
8.27273	0.018985
8.09091	0.020463
7.90909	0.0219427
7.72727	0.0234225
7.54545	0.0246854
7.36364	0.0258226
7.18182	0.0269597
7	0.0280969
6.81818	0.0292341
6.63636	0.0303713
6.45455	0.0314191
6.27273	0.0322122
6.09091	0.0330053
5.90909	0.0337984
5.72727	0.0345915
5.54545	0.0353846
5.36364	0.036101
5.18182	0.0366736
5	0.0372462
4.81818	0.0378188
4.63636	0.0383914
4.45455	0.038964
4.27273	0.0394636
4.09091	0.0398427
3.90909	0.0402218
3.72727	0.0406008
3.54545	0.0409799
3.36364	0.041359
3.18182	0.0416472
3	0.0418871
2.81818	0.0421271
2.63636	0.042367
2.45455	0.042607
2.27273	0.0428469
2.09091	0.0430655
1.90909	0.0432138
1.72727	0.0433621
1.54545	0.0435104
1.36364	0.0436587
1.18182	0.043786
1	0.0438836
0.818182	0.0439812
0.636364	0.043878
0.454545	0.0432643
0.272727	0.04078
0.0909091	0.0251762
15.9091	0.0541274
15.7273	0.0786706
)
