(title "Velocity Magnitude")
(labels "Position" "Velocity Magnitude")

((xy/key/label "rake-6-eixo-z")
15.9091	0.0653152
15.7273	0.0863847
15.5455	0.0877927
15.3636	0.086996
15.1818	0.0859526
15	0.0848863
14.8182	0.0838108
14.6364	0.0827353
14.4545	0.0813001
14.2727	0.0796138
14.0909	0.0779275
13.9091	0.0762412
13.7273	0.0740778
13.5455	0.0718905
13.3636	0.0697032
13.1818	0.0675159
13	0.0647903
12.8182	0.0620067
12.6364	0.0591205
12.4545	0.0562297
12.2727	0.0532629
12.0909	0.0502726
11.9091	0.0470821
11.7273	0.0437426
11.5455	0.0404031
11.3636	0.0370635
11.1818	0.0337094
11	0.030317
10.8182	0.0269245
10.6364	0.023532
10.4545	0.0205492
10.2727	0.0182331
10.0909	0.0159169
9.90909	0.0136007
9.72727	0.0112846
9.54545	0.0109674
9.36364	0.0113926
9.18182	0.0118178
9	0.0122439
8.81818	0.0136109
8.63636	0.0149778
8.45455	0.0163448
8.27273	0.0177118
8.09091	0.0190788
7.90909	0.0203857
7.72727	0.0216154
7.54545	0.0228451
7.36364	0.0240747
7.18182	0.0252023
7	0.0262161
6.81818	0.0272299
6.63636	0.0282437
6.45455	0.0292576
6.27273	0.0301403
6.09091	0.0309801
5.90909	0.03182
5.72727	0.0326598
5.54545	0.033456
5.36364	0.0341825
5.18182	0.0348509
5	0.0355039
4.81818	0.0361568
4.63636	0.0368098
4.45455	0.0373819
4.27273	0.037913
4.09091	0.0384441
3.90909	0.0389752
3.72727	0.0395063
3.54545	0.0399866
3.36364	0.0404327
3.18182	0.0408788
3	0.0413249
2.81818	0.0417273
2.63636	0.0420702
2.45455	0.042413
2.27273	0.0427355
2.09091	0.0430035
1.90909	0.0432585
1.72727	0.043455
1.54545	0.0436514
1.36364	0.0438478
1.18182	0.0439875
1	0.0440767
0.818182	0.0440256
0.636364	0.0439314
0.454545	0.0433156
0.272727	0.0404616
0.0909091	0.0250896
)
