(title "Velocity Magnitude")
(labels "Position" "Velocity Magnitude")

((xy/key/label "rake-7-eixo-x")
-35.1515	0.238714
39.1919	0.118676
38.3838	0.119059
37.5758	0.113874
36.7677	0.109697
35.9596	0.105001
35.1515	0.0994021
34.3434	0.093026
33.5354	0.0861188
32.7273	0.0791623
31.9192	0.0720351
31.1111	0.0653193
30.303	0.0587586
29.4949	0.0525478
28.6869	0.046506
27.8788	0.0413051
27.0707	0.0363643
26.2626	0.0326842
25.4545	0.0300154
24.6465	0.0281585
23.8384	0.027646
23.0303	0.0282154
22.2222	0.0295122
21.4141	0.0311153
20.6061	0.0330292
19.798	0.0350135
18.9899	0.0370517
18.1818	0.0390273
17.3737	0.0405668
16.5657	0.0420063
15.7576	0.0431571
14.9495	0.0443079
14.1414	0.0453736
13.3333	0.0463449
12.5253	0.0471916
11.7172	0.0479552
10.9091	0.0485188
10.101	0.0490078
9.29293	0.0494533
8.48485	0.049815
7.67677	0.0501334
6.86869	0.0504228
6.06061	0.0506282
5.25252	0.05078
4.44444	0.0508764
3.63636	0.0509445
2.82828	0.0509992
2.0202	0.0510401
1.21212	0.0510659
0.40404	0.0510657
-0.40404	0.051071
-1.21212	0.0510913
-2.0202	0.0511069
-2.82828	0.0510743
-3.63636	0.0510271
-4.44444	0.0510081
-5.25253	0.0511235
-6.06061	0.051233
-6.86869	0.051312
-7.67677	0.0514019
-8.48485	0.0515087
-9.29293	0.0516314
-10.101	0.0517258
-10.9091	0.0517549
-11.7172	0.0517343
-12.5253	0.0516816
-13.3333	0.0515278
-14.1414	0.0514105
-14.9495	0.0513889
-15.7576	0.0514094
-16.5657	0.0516426
-17.3737	0.0519153
-18.1818	0.0520369
-18.9899	0.0523544
-19.798	0.053376
-20.6061	0.0545538
-21.4141	0.055609
-22.2222	0.05677
-23.0303	0.0584435
-23.8384	0.0611541
-24.6465	0.0640969
-25.4545	0.0664211
-26.2626	0.0712464
-27.0707	0.0780423
-27.8788	0.082086
-28.6869	0.0895515
-29.4949	0.0970586
-30.303	0.108415
-36.7677	0.463171
-37.5758	0.207494
-38.3838	0.146942
-31.1111	0.109815
-31.9192	0.128574
-32.7273	0.146397
-33.5354	0.188192
-34.3434	0.229807
-39.1919	0.116385
-35.9596	0.259802
)
