(title "Velocity Magnitude")
(labels "Position" "Velocity Magnitude")

((xy/key/label "rake-8-eixo-y")
-14.9495	0.0356812
-15.7576	0.0376702
-16.5657	0.0399858
-17.3737	0.0423909
-18.1818	0.0448712
-18.9899	0.0475685
-19.798	0.0504121
-20.6061	0.0533816
-21.4141	0.0564143
-22.2222	0.0596411
-23.0303	0.0629782
-23.8384	0.0662877
-24.6465	0.0696429
-25.4545	0.0730442
-26.2626	0.0764645
-27.0707	0.0797757
-27.8788	0.0831561
-28.6869	0.0862729
-29.495	0.0893575
-30.303	0.0923816
-31.1111	0.095252
-31.9192	0.0980864
-32.7273	0.100785
-33.5354	0.103578
-34.3434	0.106021
-35.1515	0.108329
-35.9596	0.110254
-36.7677	0.111599
-37.5758	0.112124
-38.3838	0.111548
-39.1919	0.10308
9.29293	0.449256
8.48485	0.417952
7.67677	0.364904
6.86869	0.294105
6.06061	0.210891
5.25253	0.129643
4.44444	0.0580701
3.63636	0.0271297
2.82828	0.025827
2.0202	0.0268264
1.21212	0.027489
0.40404	0.0277867
-0.40404	0.0276872
-1.21212	0.0271999
-2.0202	0.0265569
-2.82828	0.0257557
-3.63636	0.0249309
-4.44445	0.024186
-5.25253	0.0233775
-6.06061	0.0229985
-6.86869	0.0228703
-7.67677	0.0230413
-8.48485	0.0235766
-9.29293	0.0244237
-10.101	0.0255229
-10.9091	0.0267993
-11.7172	0.028364
-12.5253	0.0299915
-13.3333	0.0317511
-14.1414	0.0336279
39.1919	0.0747635
38.3838	0.0892554
37.5758	0.0901671
36.7677	0.0898778
35.9596	0.0888133
35.1515	0.0870215
34.3434	0.0844909
33.5354	0.0815958
32.7273	0.0786095
31.9192	0.074937
31.1111	0.0713821
30.303	0.067404
29.4949	0.0634006
28.6869	0.0586676
27.8788	0.0534575
27.0707	0.0475008
26.2626	0.0408092
25.4545	0.0344917
24.6465	0.0301658
23.8384	0.0291396
23.0303	0.0323962
22.2222	0.0389271
21.4141	0.0466679
20.6061	0.0552787
19.798	0.0629526
18.9899	0.0620978
18.1818	0.0466834
17.3737	0.0201826
16.5657	0.0359134
15.7576	0.090043
14.9495	0.151036
14.1414	0.218882
13.3333	0.287577
12.5253	0.351142
11.7172	0.402522
10.9091	0.439492
10.101	0.456403
)
