(title "Velocity Magnitude")
(labels "Position" "Velocity Magnitude")

((xy/key/label "rake-7-eixo-x")
39.1919	0.16016
38.3838	0.152491
37.5758	0.146238
36.7677	0.137151
35.9596	0.126508
35.1515	0.113013
34.3434	0.0995297
33.5354	0.0863844
32.7273	0.0734785
31.9192	0.0616244
31.1111	0.0505996
30.303	0.0416869
29.4949	0.0341414
28.6869	0.0279013
27.8788	0.0242501
27.0707	0.0224069
26.2626	0.0219279
25.4545	0.0228979
24.6465	0.0244879
23.8384	0.0262874
23.0303	0.0281498
22.2222	0.0300182
21.4141	0.0317872
20.6061	0.0333981
19.798	0.0348726
18.9899	0.0361216
18.1818	0.0372278
17.3737	0.038173
16.5657	0.0389342
15.7576	0.0395654
14.9495	0.040145
14.1414	0.0407014
13.3333	0.0412674
12.5253	0.0417451
11.7172	0.0421077
10.9091	0.0423928
10.101	0.0426666
9.29293	0.0428277
8.48485	0.0429683
7.67677	0.0431082
6.86869	0.0432467
6.06061	0.0433229
5.25253	0.043381
4.44444	0.0434367
3.63636	0.0435013
2.82828	0.0435658
2.0202	0.0436429
1.21212	0.0437375
0.40404	0.0438653
-0.40404	0.044045
-1.21212	0.0442559
-2.0202	0.0445062
-2.82828	0.044809
-3.63636	0.0452127
-4.44444	0.0457292
-5.25253	0.0462892
-6.06061	0.0467591
-6.86869	0.0472649
-7.67677	0.0477994
-8.48485	0.0483177
-9.29293	0.048808
-10.101	0.0494142
-10.9091	0.0499946
-11.7172	0.050491
-12.5253	0.0509686
-13.3333	0.0514224
-14.1414	0.0517675
-14.9495	0.051958
-15.7576	0.0520047
-16.5657	0.0519631
-17.3737	0.0517289
-18.1818	0.0514339
-18.9899	0.0511361
-19.798	0.050653
-20.6061	0.0499848
-21.4141	0.0494458
-22.2222	0.0492482
-23.0303	0.0496627
-23.8384	0.0511438
-24.6465	0.0535973
-25.4545	0.0569112
-26.2626	0.0611069
-27.0707	0.0653017
-27.8788	0.0709498
-32.7273	0.150065
-33.5354	0.183517
-34.3434	0.227106
-36.7677	0.465554
-37.5758	0.209695
-38.3838	0.149578
-39.1919	0.119767
-35.1515	0.238923
-35.9596	0.259268
-28.6869	0.0760939
-29.4949	0.0817261
-30.303	0.0863386
-31.1111	0.100575
-31.9192	0.124076
)
