(title "Velocity Magnitude")
(labels "Position" "Velocity Magnitude")

((xy/key/label "rake-6-eixo-z")
15.9091	0.0509917
15.7273	0.0610442
15.5455	0.0621024
15.3636	0.0622735
15.1818	0.0620655
15	0.0618546
14.8182	0.0613003
14.6364	0.0606778
14.4545	0.0597349
14.2727	0.0586383
14.0909	0.0573407
13.9091	0.0557996
13.7273	0.0540786
13.5455	0.0522056
13.3636	0.0501323
13.1818	0.047918
13	0.0454732
12.8182	0.0429917
12.6364	0.0402466
12.4545	0.0374693
12.2727	0.0345089
12.0909	0.0315331
11.9091	0.0284735
11.7273	0.0254647
11.5455	0.0226848
11.3636	0.0202519
11.1818	0.0185862
11	0.017285
10.8182	0.0166947
10.6364	0.0166278
10.4545	0.0170349
10.2727	0.0175886
10.0909	0.0183268
9.90909	0.0190959
9.72727	0.0198555
9.54545	0.0205759
9.36364	0.0212847
9.18182	0.0219477
9	0.0225741
8.81818	0.0231678
8.63636	0.0237307
8.45455	0.0241901
8.27273	0.0246464
8.09091	0.0250892
7.90909	0.0255077
7.72727	0.0259158
7.54545	0.0262989
7.36364	0.0266542
7.18182	0.0269968
7	0.0273302
6.81818	0.0276446
6.63636	0.0279396
6.45455	0.0282183
6.27273	0.0284718
6.09091	0.0287191
5.90909	0.0289507
5.72727	0.0291721
5.54545	0.0293793
5.36364	0.0295833
5.18182	0.0297728
5	0.0299624
4.81818	0.0301427
4.63636	0.0303186
4.45455	0.0304965
4.27273	0.0306777
4.09091	0.0308575
3.90909	0.0310389
3.72727	0.0312264
3.54545	0.0314176
3.36364	0.0316056
3.18182	0.0317922
2.45455	0.0325553
1.72727	0.0331314
1.54545	0.033218
1.36364	0.0331873
1.18182	0.0331196
1	0.0329557
0.818182	0.0326694
0.636364	0.0322728
0.454545	0.0316081
0.272727	0.0292456
3	0.031981
2.81818	0.0321708
2.63636	0.0323656
2.27273	0.0327289
2.09091	0.0328951
1.90909	0.0330291
0.0909091	0.0167104
)
