(title "Velocity Magnitude")
(labels "Position" "Velocity Magnitude")

((xy/key/label "rake-7-eixo-x")
-36.7677	0.465402
-38.3838	0.150734
-37.5758	0.210009
-39.1919	0.120924
-10.9091	0.0486278
-11.7172	0.0489811
-12.5253	0.0491972
-13.3333	0.0492993
-14.1414	0.0493515
-14.9495	0.0492506
-15.7576	0.0489441
-16.5657	0.0485707
-17.3737	0.0480109
-18.1818	0.0473911
-18.9899	0.0467648
-19.798	0.0462212
-33.5354	0.185185
-34.3434	0.228732
-35.1515	0.239525
-35.9596	0.260781
-20.6061	0.0457218
-21.4141	0.0452491
-22.2222	0.045029
-23.0303	0.0454107
-23.8384	0.0470168
-24.6465	0.0498051
-25.4545	0.0532636
-26.2626	0.0569229
-27.0707	0.0612398
-27.8788	0.0657328
-28.6869	0.0709127
-29.495	0.0764733
-30.303	0.082131
-31.1111	0.0900584
-31.9192	0.111759
-32.7273	0.133481
39.1919	0.179188
38.3838	0.171
37.5758	0.161935
36.7677	0.148317
35.9596	0.131999
35.1515	0.114269
34.3434	0.0963254
33.5354	0.0798279
32.7273	0.0647898
31.9192	0.0521953
31.1111	0.0415005
30.303	0.0324353
29.495	0.0253227
28.6869	0.0211721
27.8788	0.0191255
27.0707	0.0197311
26.2626	0.0213763
25.4545	0.0237009
24.6465	0.0260522
23.8384	0.0284477
23.0303	0.0305807
22.2222	0.032602
21.4141	0.0343322
20.6061	0.0358491
19.798	0.0371489
18.9899	0.0382985
18.1818	0.039357
17.3737	0.040274
16.5657	0.0410729
15.7576	0.0417027
14.9495	0.0422959
14.1414	0.0427864
13.3333	0.0432423
12.5253	0.0436203
11.7172	0.0438882
10.9091	0.0441288
10.101	0.044323
9.29293	0.0444367
8.48485	0.0444974
7.67677	0.0445606
6.86869	0.0445886
6.06061	0.0445494
5.25253	0.0444976
4.44444	0.0444698
3.63636	0.0443954
2.82828	0.0443717
2.0202	0.0442873
1.21212	0.0441988
0.40404	0.044133
-0.40404	0.0441241
-1.21212	0.0440655
-2.0202	0.0441027
-2.82828	0.0442009
-3.63636	0.0443246
-4.44444	0.0445187
-5.25252	0.0448469
-6.06061	0.0452774
-6.86869	0.0457974
-7.67677	0.0463949
-8.48485	0.0470317
-9.29293	0.0476041
-10.101	0.0481847
)
