(title "Velocity Magnitude")
(labels "Position" "Velocity Magnitude")

((xy/key/label "rake-8-eixo-y")
39.1919	0.0384777
38.3838	0.0429413
37.5758	0.0456509
36.7677	0.0464277
35.9596	0.0473412
35.1515	0.048626
34.3434	0.0499969
33.5354	0.0516564
32.7273	0.0533079
31.9192	0.0549836
31.1111	0.0565946
30.303	0.0580544
29.495	0.0594118
28.6869	0.0606833
27.8788	0.0618363
27.0707	0.0625746
26.2626	0.0628738
25.4545	0.0630237
24.6465	0.0624292
23.8384	0.0615364
23.0303	0.0599471
22.2222	0.0581702
21.4141	0.0564503
20.6061	0.0547304
19.798	0.0601132
18.9899	0.0725946
18.1818	0.0950094
17.3737	0.119376
16.5657	0.157475
15.7576	0.198563
14.9495	0.238721
14.1414	0.274271
13.3333	0.303296
12.5253	0.319915
11.7172	0.334187
10.9091	0.325055
10.101	0.315923
9.29293	0.283433
8.48485	0.24902
7.67677	0.201729
6.86869	0.150988
6.06061	0.108784
5.25253	0.0704704
4.44444	0.0515085
3.63636	0.0445402
2.82828	0.046405
2.0202	0.0485084
1.21212	0.0497394
0.40404	0.0507284
-0.40404	0.0513221
-1.21212	0.0514387
-2.0202	0.0515396
-2.82828	0.0513984
-3.63636	0.0510446
-4.44444	0.0505408
-5.25253	0.0499793
-6.06061	0.0492765
-6.86869	0.0485768
-7.67677	0.04788
-8.48485	0.0473668
-9.29293	0.0468562
-10.101	0.0467321
-10.9091	0.046657
-11.7172	0.0469592
-12.5253	0.0473492
-13.3333	0.0479608
-14.1414	0.048733
-14.9495	0.0497862
-15.7576	0.0508735
-16.5657	0.0522928
-17.3737	0.0537122
-18.1818	0.0553218
-18.9899	0.0570094
-19.798	0.0587525
-20.6061	0.0606296
-21.4141	0.0625067
-22.2222	0.0645516
-23.0303	0.0666227
-23.8384	0.0685941
-24.6465	0.0705147
-25.4545	0.0723114
-26.2626	0.0740866
-27.0707	0.0759301
-27.8788	0.0777761
-28.6869	0.0794933
-29.4949	0.0812105
-30.303	0.082794
-31.1111	0.0843448
-31.9192	0.0858392
-32.7273	0.0872729
-33.5354	0.0886685
-34.3434	0.0897516
-35.1515	0.0907049
-35.9596	0.0914707
-36.7677	0.0920801
-37.5758	0.092548
-38.3838	0.0931921
-39.1919	0.0762028
)
