(title "Velocity Magnitude")
(labels "Position" "Velocity Magnitude")

((xy/key/label "rake-7-eixo-x")
-32.7273	0.131225
-33.5354	0.165261
-34.3434	0.200508
-35.1515	0.228225
-35.9596	0.261846
-36.7677	0.466602
-37.5758	0.211262
-38.3838	0.152977
-39.1919	0.124169
0.40404	0.0330482
-0.40404	0.0325548
-1.21212	0.03195
-2.0202	0.0314429
-2.82828	0.030955
-3.63636	0.0304235
-4.44444	0.0298839
-5.25253	0.0294646
-6.06061	0.0291184
-6.86869	0.0290187
-7.67677	0.0292371
-8.48485	0.0301307
-9.29293	0.0316427
-10.101	0.0336565
-10.9091	0.0357995
-11.7172	0.0377877
-12.5253	0.0394414
-13.3333	0.0409039
-14.1414	0.0422125
-14.9495	0.0432605
-15.7576	0.0442129
-16.5657	0.0451783
-17.3737	0.0459824
-18.1818	0.0464852
-18.9899	0.0464815
-19.798	0.0459579
20.6061	0.0346629
19.798	0.0355644
18.9899	0.0362936
18.1818	0.0369381
17.3737	0.0373265
16.5657	0.0377324
15.7576	0.0379781
14.9495	0.038153
14.1414	0.0382492
13.3333	0.0382953
12.5253	0.0382992
11.7172	0.0382531
10.9091	0.0381452
10.101	0.0380346
9.29293	0.0377836
8.48485	0.037551
7.67677	0.0372641
6.86869	0.0369723
6.06061	0.036571
5.25252	0.036125
4.44444	0.0357261
3.63636	0.0352183
2.82828	0.0347248
2.0202	0.0341632
1.21212	0.0335815
-20.6061	0.0451354
-21.4141	0.044264
-22.2222	0.0437313
-23.0303	0.0440376
-23.8384	0.0453213
-24.6465	0.0477432
-25.4545	0.0514207
-26.2626	0.0559463
-27.0707	0.0607143
-27.8788	0.0662455
-28.6869	0.0725419
-29.4949	0.0796129
-30.303	0.0869407
-31.1111	0.0942909
-31.9192	0.106965
39.1919	0.239373
38.3838	0.222925
37.5758	0.186937
36.7677	0.145713
35.9596	0.108548
35.1515	0.0809168
34.3434	0.061783
33.5354	0.0477793
32.7273	0.0371365
31.9192	0.02931
31.1111	0.0236838
30.303	0.0200568
29.4949	0.0183711
28.6869	0.0183186
27.8788	0.0194411
27.0707	0.0211722
26.2626	0.0231811
25.4545	0.0252475
24.6465	0.0272519
23.8384	0.029131
23.0303	0.0307796
22.2222	0.0322807
21.4141	0.0335688
)
