(title "Velocity Magnitude")
(labels "Position" "Velocity Magnitude")

((xy/key/label "rake-8-eixo-y")
39.1919	0.0504889
38.3838	0.0576254
37.5758	0.0604219
36.7677	0.0619671
35.9596	0.0635682
35.1515	0.0651606
34.3434	0.066664
33.5354	0.0680859
32.7273	0.0691663
31.9192	0.0701404
31.1111	0.0707426
30.303	0.0710154
29.4949	0.0710972
28.6869	0.0708752
27.8788	0.0700362
27.0707	0.0691686
26.2626	0.0676808
25.4545	0.0657747
24.6465	0.0634585
23.8384	0.0605464
23.0303	0.0569574
22.2222	0.0527694
21.4141	0.0490276
20.6061	0.0454903
19.798	0.0540754
18.9899	0.0655685
18.1818	0.0952021
17.3737	0.129638
16.5657	0.168279
15.7576	0.208663
14.9495	0.246714
14.1414	0.28302
13.3333	0.310185
12.5253	0.330794
11.7172	0.341442
10.9091	0.346204
10.101	0.334788
9.29293	0.304421
8.48485	0.27333
7.67677	0.223063
6.86869	0.160551
6.06061	0.0970901
5.25253	0.0600283
4.44444	0.0415548
3.63636	0.0399916
2.82828	0.0402423
2.0202	0.0424008
1.21212	0.0439169
0.40404	0.0448727
-0.40404	0.0455464
-1.21212	0.0457581
-2.0202	0.0458062
-2.82828	0.0455202
-3.63636	0.0450776
-4.44444	0.0444208
-5.25253	0.0436212
-6.06061	0.0426789
-6.86869	0.0416828
-7.67677	0.0406797
-8.48485	0.0396752
-9.29293	0.0388024
-10.101	0.0379979
-10.9091	0.0374284
-11.7172	0.0372358
-12.5253	0.0372077
-13.3333	0.0377238
-14.1414	0.0383733
-14.9495	0.039459
-15.7576	0.0407129
-16.5657	0.0423185
-17.3737	0.0441252
-18.1818	0.0462057
-18.9899	0.0485012
-19.798	0.0509509
-20.6061	0.0535141
-21.4141	0.0560988
-22.2222	0.0586936
-23.0303	0.0612936
-23.8384	0.0639991
-24.6465	0.0667605
-25.4545	0.069531
-26.2626	0.072156
-27.0707	0.074758
-27.8788	0.0772408
-28.6869	0.0796706
-29.4949	0.0820832
-30.303	0.0843756
-31.1111	0.086593
-31.9192	0.088521
-32.7273	0.0902048
-33.5354	0.0918316
-34.3434	0.0931792
-35.1515	0.0942519
-35.9596	0.095257
-36.7677	0.095958
-37.5758	0.0962244
-38.3838	0.0962678
-39.1919	0.0824891
)
