(title "Velocity Magnitude")
(labels "Position" "Velocity Magnitude")

((xy/key/label "rake-6-eixo-z")
15.9091	0.0348656
15.7273	0.0446856
15.5455	0.0454808
15.3636	0.0455166
15.1818	0.0452429
15	0.0449245
14.8182	0.0446062
14.6364	0.0441803
14.4545	0.0436212
14.2727	0.0430622
14.0909	0.0424362
13.9091	0.0416671
13.7273	0.0408604
13.5455	0.0400329
13.3636	0.0390193
13.1818	0.0380057
13	0.0369345
12.8182	0.0357786
12.6364	0.0346227
12.4545	0.0334668
12.2727	0.0322051
12.0909	0.0308922
11.9091	0.0294662
11.7273	0.0280402
11.5455	0.0266142
11.3636	0.0251422
11.1818	0.0236609
11	0.0221506
10.8182	0.0206237
10.6364	0.0191971
10.4545	0.0177733
10.2727	0.0163705
10.0909	0.0153053
9.90909	0.0142942
9.72727	0.0132831
9.54546	0.0123258
9.36364	0.0120828
9.18182	0.0118399
9	0.0119701
8.81818	0.0122985
8.63636	0.0131398
8.45455	0.0140556
8.27273	0.0149715
8.09091	0.0159822
7.90909	0.0172628
7.72727	0.0185435
7.54545	0.0198125
7.36364	0.0210561
7.18182	0.0222996
7	0.0235431
6.81818	0.0246468
6.63636	0.0257303
6.45455	0.0268138
6.27273	0.0278513
6.09091	0.0287256
5.90909	0.0295681
5.72727	0.0302159
5.54545	0.0308638
5.36364	0.0315116
5.18182	0.0321595
5	0.0326045
4.81818	0.0329925
4.63636	0.0333194
4.45455	0.0335942
4.27273	0.0338646
4.09091	0.03406
3.90909	0.0342555
3.72727	0.0344318
3.54545	0.0345935
3.36364	0.0347551
3.18182	0.0349347
3	0.0351151
2.81818	0.0352956
2.63636	0.035518
2.45455	0.035784
2.27273	0.0360501
2.09091	0.0363506
1.90909	0.0366837
1.72727	0.0370176
1.54545	0.0373546
1.36364	0.0376917
1.18182	0.0380287
1	0.0383159
0.818182	0.0385882
0.636364	0.0388347
0.454545	0.0390115
0.272727	0.0385996
0.0909091	0.0285432
)
