(title "Velocity Magnitude")
(labels "Position" "Velocity Magnitude")

((xy/key/label "rake-7-eixo-x")
39.1919	0.189516
38.3838	0.181574
37.5758	0.167816
36.7677	0.148921
14.9495	0.0321311
14.1414	0.0321832
13.3333	0.0320946
12.5253	0.0318509
11.7172	0.0314765
10.9091	0.030926
10.101	0.0300968
9.29293	0.0290724
8.48485	0.0279196
7.67677	0.0267945
6.86869	0.0268843
-36.7677	0.461581
-37.5758	0.206117
35.9596	0.126449
35.1515	0.104479
34.3434	0.0844386
33.5354	0.0676368
32.7273	0.0536245
31.9192	0.0420599
31.1111	0.032691
30.303	0.0255154
29.4949	0.0206968
28.6869	0.018375
27.8788	0.0177611
27.0707	0.0186109
26.2626	0.0201893
25.4545	0.0220028
24.6465	0.0236751
23.8384	0.0252883
23.0303	0.0266201
22.2222	0.0278148
21.4141	0.028774
20.6061	0.0296185
19.798	0.0302734
18.9899	0.0308176
18.1818	0.0312451
17.3737	0.0315383
16.5657	0.0318228
15.7576	0.0320364
-29.4949	0.0738119
-30.303	0.0818167
-31.1111	0.0876983
-31.9192	0.0986814
-32.7273	0.12767
-33.5354	0.177201
-34.3434	0.225455
-35.1515	0.234815
-35.9596	0.258808
6.06061	0.0289911
5.25253	0.0322483
4.44444	0.0344379
3.63636	0.0354333
2.82828	0.0362627
2.0202	0.0370676
1.21212	0.0377371
0.40404	0.0382931
-0.40404	0.0387191
-1.21212	0.0390958
-2.0202	0.0394721
-2.82828	0.0398495
-3.63636	0.0402388
-4.44444	0.0407013
-5.25253	0.0411919
-6.06061	0.0416706
-6.86869	0.0421559
-7.67677	0.0427772
-8.48485	0.0434643
-9.29293	0.0442691
-10.101	0.0449697
-10.9091	0.0458308
-11.7172	0.0467684
-12.5253	0.0477026
-13.3333	0.0485911
-14.1414	0.0491999
-14.9495	0.0495696
-15.7576	0.0498102
-16.5657	0.0498115
-17.3737	0.0494943
-18.1818	0.0490247
-18.9899	0.0482284
-19.798	0.047165
-20.6061	0.045817
-21.4141	0.0441364
-38.3838	0.146585
-39.1919	0.116145
-22.2222	0.0421837
-23.0303	0.0405998
-23.8384	0.0403882
-24.6465	0.0419152
-25.4545	0.044973
-26.2626	0.0492419
-27.0707	0.0545664
-27.8788	0.0608654
-28.6869	0.0675208
)
