(title "Velocity Magnitude")
(labels "Position" "Velocity Magnitude")

((xy/key/label "rake-6-eixo-z")
15.9091	0.0434641
15.7273	0.076026
15.5455	0.0785013
15.3636	0.077898
15.1818	0.0768068
15	0.0754018
14.8182	0.0739191
14.6364	0.0723932
14.4545	0.0708555
14.2727	0.069296
14.0909	0.0677364
13.9091	0.0661769
13.7273	0.0646174
13.5455	0.0630578
13.3636	0.0614983
13.1818	0.0599388
13	0.0578855
12.8182	0.0554112
12.6364	0.0529369
12.4545	0.0504626
12.2727	0.0479884
12.0909	0.0455141
11.9091	0.0430398
11.7273	0.0405656
11.5455	0.038081
11.3636	0.0354899
11.1818	0.0327454
11	0.0297221
10.8182	0.0266989
10.6364	0.0236757
10.4545	0.0213808
10.2727	0.0202471
10.0909	0.0191133
9.90909	0.0179795
9.72727	0.0168458
9.54545	0.015712
9.36364	0.0145782
9.18182	0.0134444
9	0.0132175
8.81818	0.014562
8.63636	0.0159065
8.45455	0.017251
8.27273	0.0185955
8.09091	0.01994
7.90909	0.0212845
7.72727	0.022581
7.54545	0.0238437
7.36364	0.0251064
7.18182	0.0263691
7	0.0276318
6.81818	0.0288946
6.63636	0.0301573
6.45454	0.03142
6.27273	0.0324215
6.09091	0.0332143
5.90909	0.0340071
5.72727	0.0347999
5.54545	0.0355927
5.36364	0.0363855
5.18182	0.0371783
5	0.0379711
4.81818	0.0386623
4.63636	0.0392153
4.45455	0.0397683
4.27273	0.0402499
4.09091	0.0405944
3.90909	0.0409389
3.72727	0.0412833
3.54545	0.0416278
3.36364	0.0419722
3.18182	0.0423167
3	0.0426612
2.81818	0.0429983
2.63636	0.0432214
2.45455	0.0434445
2.27273	0.0436677
2.09091	0.0438908
1.90909	0.0441139
1.72727	0.0443371
1.54545	0.0445523
1.36364	0.0447582
1.18182	0.0449641
1	0.0451651
0.818182	0.0453622
0.636364	0.0453239
0.454545	0.0447983
0.272727	0.0418395
0.0909091	0.0224302
)
