(title "Velocity Magnitude")
(labels "Position" "Velocity Magnitude")

((xy/key/label "rake-6-eixo-z")
15.9091	0.0407068
15.7273	0.0859881
15.5455	0.0902672
15.3636	0.0892586
15.1818	0.0876131
15	0.0857842
14.8182	0.0835253
14.6364	0.0812663
14.4545	0.0791166
14.2727	0.0769747
14.0909	0.0748328
13.9091	0.0727154
13.7273	0.0706691
13.5455	0.0686227
13.3636	0.0665763
13.1818	0.06453
13	0.0624836
12.8182	0.0604372
12.6364	0.0583908
12.4545	0.0563445
12.2727	0.0542981
12.0909	0.0516282
11.9091	0.04885
11.7273	0.0460718
11.5455	0.0432936
11.3636	0.0405153
11.1818	0.0377371
11	0.0349589
10.8182	0.0321807
10.6364	0.0294025
10.4545	0.0267201
10.2727	0.0248158
10.0909	0.0229116
9.90909	0.0210073
9.72727	0.019103
9.54545	0.0171987
9.36364	0.0171208
9.18182	0.0173623
9	0.0176037
8.81818	0.0178452
8.63636	0.0180867
8.45455	0.0186182
8.27273	0.0196048
8.09091	0.0205914
7.90909	0.021578
7.72727	0.0225646
7.54545	0.0238461
7.36364	0.025157
7.18182	0.0264058
7	0.0276546
6.81818	0.0289033
6.63636	0.0301521
6.45455	0.0314009
6.27273	0.0326496
6.09091	0.0338984
5.90909	0.0349934
5.72727	0.0357415
5.54545	0.0364896
5.36364	0.0372377
5.18182	0.0379858
5	0.0387339
4.81818	0.0394819
4.63636	0.04023
4.45455	0.0409781
4.27273	0.0417262
4.09091	0.0423162
3.90909	0.0428986
3.72727	0.0434809
3.54545	0.0440633
3.36364	0.0446457
3.18182	0.045228
3	0.0457683
2.81818	0.0461952
2.63636	0.0466222
2.45455	0.0470491
2.27273	0.0474723
2.09091	0.047881
1.90909	0.0482898
1.72727	0.0487297
1.54545	0.0491868
1.36364	0.049644
1.18182	0.0501012
1	0.0506567
0.818182	0.0512082
0.636364	0.0516025
0.454545	0.051585
0.272727	0.0491411
0.0909091	0.0264149
)
