(title "Velocity Magnitude")
(labels "Position" "Velocity Magnitude")

((xy/key/label "rake-7-eixo-x")
-8.48485	0.0351062
-9.29293	0.035339
-10.101	0.035532
-10.9091	0.035611
-11.7172	0.0355133
-12.5253	0.035375
-13.3333	0.0351914
-14.1414	0.0347901
-14.9495	0.0343383
-15.7576	0.033712
-16.5657	0.0327839
-17.3737	0.0316231
39.1919	0.201711
38.3838	0.192485
37.5758	0.171899
36.7677	0.145635
35.9596	0.117703
35.1515	0.0929645
34.3434	0.072881
33.5354	0.056338
32.7273	0.0432718
31.9192	0.0330638
31.1111	0.0251563
30.303	0.0193853
29.495	0.0161721
28.6869	0.0151085
27.8788	0.0158301
27.0707	0.0174777
26.2626	0.0194245
25.4545	0.0213873
24.6465	0.0230899
23.8384	0.0245811
23.0303	0.0257551
22.2222	0.0267681
21.4141	0.0275592
20.6061	0.0281978
19.798	0.0286399
18.9899	0.0290223
-35.1515	0.234231
-35.9596	0.260277
-33.5354	0.167617
-34.3434	0.21546
-36.7677	0.46262
-37.5758	0.207318
-38.3838	0.148837
-39.1919	0.118937
18.1818	0.0293539
17.3737	0.0296902
16.5657	0.0299295
15.7576	0.0301459
14.9495	0.0303591
14.1414	0.0305429
13.3333	0.0307722
12.5253	0.0309902
11.7172	0.0311947
10.9091	0.031375
10.101	0.0314962
9.29293	0.0316016
8.48485	0.0316224
7.67677	0.0315677
6.86869	0.0314188
6.06061	0.0311484
5.25253	0.0305971
4.44445	0.0300327
3.63636	0.0292717
2.82828	0.0284022
2.0202	0.0275977
1.21212	0.0269217
0.40404	0.0271518
-0.40404	0.0288662
-1.21212	0.0310006
-2.0202	0.0324939
-2.82828	0.0331078
-3.63636	0.0335151
-4.44444	0.0338106
-5.25253	0.0341165
-6.06061	0.0343811
-6.86869	0.034666
-7.67677	0.0349186
-18.1818	0.029879
-18.9899	0.0280259
-19.798	0.0259592
-20.6061	0.0235496
-21.4141	0.0208498
-22.2222	0.0180636
-23.0303	0.0163069
-23.8384	0.0201019
-24.6465	0.0298817
-25.4545	0.0432987
-26.2626	0.053606
-27.0707	0.0595122
-27.8788	0.0647625
-28.6869	0.0695256
-29.4949	0.073013
-30.303	0.0770536
-31.1111	0.0866964
-31.9192	0.100895
-32.7273	0.125154
)
