(title "Velocity Magnitude")
(labels "Position" "Velocity Magnitude")

((xy/key/label "rake-7-eixo-x")
39.1919	0.143354
38.3838	0.136513
37.5758	0.130484
36.7677	0.124989
35.9596	0.116991
35.1515	0.107632
34.3434	0.0979513
33.5354	0.0872882
32.7273	0.0767927
31.9192	0.0673582
31.1111	0.0583865
30.303	0.050139
29.495	0.0428633
28.6869	0.036603
27.8788	0.031383
27.0707	0.0273627
26.2626	0.025373
25.4545	0.0242713
24.6465	0.0245249
23.8384	0.0254927
23.0303	0.0271003
22.2222	0.0287343
21.4141	0.0303696
20.6061	0.0320157
19.798	0.0334809
18.9899	0.034903
18.1818	0.0361288
17.3737	0.0372794
16.5657	0.0382974
15.7576	0.039149
14.9495	0.0399295
14.1414	0.0405464
13.3333	0.0410323
12.5253	0.0414415
11.7172	0.0418309
10.9091	0.042206
10.101	0.0425183
9.29293	0.0428267
8.48485	0.043133
7.67677	0.0433934
6.86869	0.0436267
6.06061	0.0438395
5.25253	0.0440291
4.44444	0.0441719
3.63636	0.0443677
2.82828	0.0445843
2.0202	0.0447785
1.21212	0.0449786
0.40404	0.0451969
-0.40404	0.0454424
-1.21212	0.0457193
-2.0202	0.0459898
-2.82828	0.0463032
-3.63636	0.0466483
-4.44444	0.0470211
-5.25252	0.0474103
-6.06061	0.0478208
-6.86869	0.0482739
-7.67677	0.0487611
-8.48485	0.049277
-9.29293	0.049641
-10.101	0.0500205
-10.9091	0.0504096
-11.7172	0.050763
-12.5253	0.0511077
-13.3333	0.0514041
-14.1414	0.0515775
-14.9495	0.0516266
-15.7576	0.0515906
-16.5657	0.051553
-35.1515	0.238664
-35.9596	0.259508
-17.3737	0.051528
-18.1818	0.0515295
-18.9899	0.0514413
-19.798	0.0511941
-20.6061	0.0508104
-21.4141	0.0508749
-22.2222	0.0512164
-23.0303	0.0521417
-23.8384	0.0542229
-24.6465	0.0573722
-25.4545	0.0612295
-26.2626	0.0649498
-27.0707	0.0690963
-27.8788	0.0751195
-28.6869	0.08178
-29.4949	0.0889962
-30.303	0.100205
-31.1111	0.1165
-31.9192	0.141198
-32.7273	0.147049
-36.7677	0.463872
-37.5758	0.207791
-38.3838	0.147972
-39.1919	0.117809
-33.5354	0.190671
-34.3434	0.227299
)
