(title "Velocity Magnitude")
(labels "Position" "Velocity Magnitude")

((xy/key/label "rake-8-eixo-y")
39.1919	0.0529319
38.3838	0.0625357
37.5758	0.0642503
36.7677	0.0662912
35.9596	0.0683622
35.1515	0.0703704
34.3434	0.0721662
33.5354	0.0736687
32.7273	0.0747885
31.9192	0.0753439
31.1111	0.0755111
30.303	0.0752852
29.495	0.0746248
28.6869	0.0737203
27.8788	0.0722914
27.0707	0.070502
26.2626	0.068291
25.4545	0.0657307
24.6465	0.0625259
23.8384	0.0589029
23.0303	0.0545072
22.2222	0.0495397
21.4141	0.0438714
20.6061	0.0381055
19.798	0.0356369
18.9899	0.0376384
18.1818	0.0570041
17.3737	0.0936363
16.5657	0.136066
15.7576	0.182177
14.9495	0.227449
14.1414	0.270157
13.3333	0.30773
7.67677	0.245872
6.86869	0.184793
6.06061	0.118339
5.25253	0.0644063
4.44444	0.0388581
3.63636	0.0367137
2.82828	0.038533
2.0202	0.0405415
1.21212	0.0421392
0.40404	0.0434494
-0.40404	0.0443695
-1.21212	0.0450466
-2.0202	0.0454913
-2.82828	0.0456387
-3.63636	0.0455634
-4.44445	0.0453314
-5.25253	0.0448765
-6.06061	0.0442345
-6.86869	0.0434532
-7.67677	0.0425506
-8.48485	0.0416141
-9.29293	0.0406598
-10.101	0.0397494
-10.9091	0.038916
-11.7172	0.0382176
-12.5253	0.037829
-13.3333	0.0376942
-14.1414	0.0378242
-14.9495	0.0383497
-15.7576	0.0391961
-16.5657	0.0403742
-17.3737	0.0419475
-18.1818	0.0437879
-18.9899	0.0457234
-19.798	0.0480993
-20.6061	0.050673
-21.4141	0.0533018
-22.2222	0.0560762
-23.0303	0.0591519
-23.8384	0.0622584
-24.6465	0.0653723
-25.4545	0.068476
-26.2626	0.0715386
-27.0707	0.0745487
-27.8788	0.0775377
-28.6869	0.0805252
-29.4949	0.0834453
-30.303	0.0862377
-31.1111	0.0888933
-31.9192	0.0913707
-32.7273	0.0939641
-33.5354	0.096204
-34.3434	0.0970605
-35.1515	0.0984435
-35.9596	0.099314
-36.7677	0.100351
-37.5758	0.100579
-38.3838	0.100512
-39.1919	0.0862734
12.5253	0.335707
11.7172	0.356474
10.9091	0.364083
10.101	0.354113
9.29293	0.334042
8.48485	0.294651
)
