(title "Velocity Magnitude")
(labels "Position" "Velocity Magnitude")

((xy/key/label "rake-8-eixo-y")
-5.25253	0.0327635
-6.06061	0.0315088
-6.86869	0.0301647
-7.67677	0.0286435
-8.48485	0.027137
-9.29293	0.0254234
-10.101	0.0235271
-10.9091	0.0212481
-11.7172	0.0186025
-12.5253	0.0155597
-13.3333	0.010833
-14.1414	0.00669597
-14.9495	0.0104695
-15.7576	0.0176876
-16.5657	0.0236818
-17.3737	0.0286104
-18.1818	0.0332216
-18.9899	0.0377825
-19.798	0.0420511
-20.6061	0.0461428
-21.4141	0.0500694
-22.2222	0.0541251
-23.0303	0.0580226
-23.8384	0.0618497
-24.6465	0.0655098
-25.4545	0.0691129
-26.2626	0.0727208
-27.0707	0.0763334
-27.8788	0.0798815
-28.6869	0.0834356
-29.495	0.086755
-30.303	0.0899945
-31.1111	0.0930383
-31.9192	0.0960454
-32.7273	0.0989262
-33.5354	0.101741
-34.3434	0.104309
-35.1515	0.106654
-35.9596	0.108305
-36.7677	0.109474
-37.5758	0.110076
-38.3838	0.109806
-39.1919	0.098555
39.1919	0.0493915
38.3838	0.0734789
37.5758	0.075335
36.7677	0.0759722
35.9596	0.0755221
35.1515	0.0745276
34.3434	0.0729245
33.5353	0.0709237
32.7273	0.0682088
31.9192	0.0653329
31.1111	0.0620896
30.303	0.058775
29.4949	0.0550397
28.6869	0.0513609
27.8788	0.0474547
27.0707	0.0434902
26.2626	0.0394931
25.4545	0.0360341
24.6465	0.0334366
23.8384	0.0324211
23.0303	0.0331955
22.2222	0.036073
21.4141	0.0408873
20.6061	0.0462417
19.798	0.0471905
18.9899	0.0361369
18.1818	0.0184224
17.3737	0.0431409
16.5657	0.0951617
15.7576	0.150546
14.9495	0.206649
14.1414	0.262967
13.3333	0.316926
12.5253	0.362965
11.7172	0.400656
10.9091	0.42053
10.101	0.419987
9.29293	0.400355
8.48485	0.359717
7.67677	0.299949
6.86869	0.226322
6.06061	0.144019
5.25253	0.0762976
4.44444	0.0408647
3.63636	0.035882
2.82828	0.0366834
2.0202	0.0376629
1.21212	0.0382785
0.40404	0.0385373
-0.40404	0.0384047
-1.21212	0.0378709
-2.0202	0.0371402
-2.82828	0.0362486
-3.63636	0.0351636
-4.44444	0.0339413
)
