(title "Velocity Magnitude")
(labels "Position" "Velocity Magnitude")

((xy/key/label "rake-8-eixo-y")
-6.06061	0.0478992
-6.86869	0.0475709
-7.67677	0.0471173
-8.48485	0.0464864
-9.29293	0.045824
-10.101	0.0451335
-10.9091	0.0443733
-11.7172	0.0436759
-12.5253	0.0431023
-13.3333	0.042657
-14.1414	0.0424128
-14.9495	0.042404
-15.7576	0.0428189
-16.5657	0.0435473
-17.3737	0.0445296
-18.1818	0.0458251
-18.9899	0.0474683
-19.798	0.0493513
-20.6061	0.0517166
-21.4141	0.0541563
-22.2222	0.0566728
-23.0303	0.0595536
-23.8384	0.0624851
-24.6465	0.0656401
-25.4545	0.0689276
-26.2626	0.0721204
-27.0707	0.0752933
-27.8788	0.0785274
-28.6869	0.0816883
-29.4949	0.084854
-30.303	0.0880108
-31.1111	0.0911509
-31.9192	0.0940883
-32.7273	0.0966269
-33.5354	0.0989362
-34.3434	0.101076
-35.1515	0.102843
-35.9596	0.104256
-36.7677	0.105215
-37.5758	0.105578
-38.3838	0.105224
-39.1919	0.092349
39.1919	0.0344873
38.3838	0.0476065
37.5758	0.0534734
36.7677	0.0588856
35.9596	0.0632902
35.1515	0.0666067
34.3434	0.068874
33.5354	0.07029
32.7273	0.0709086
31.9192	0.071135
31.1111	0.0704162
30.303	0.0696585
29.495	0.0682065
28.6869	0.0663899
27.8788	0.0642777
27.0707	0.0618243
26.2626	0.0589735
25.4545	0.0556678
24.6465	0.0519281
23.8384	0.0478023
23.0303	0.0435364
22.2222	0.0391382
21.4141	0.0346427
20.6061	0.030419
19.798	0.0273287
18.9899	0.022665
18.1818	0.0217972
17.3737	0.0453057
16.5657	0.0930486
15.7576	0.147263
14.9495	0.201317
14.1414	0.252428
13.3333	0.299251
12.5253	0.338561
11.7172	0.367894
10.9091	0.384907
10.101	0.385857
9.29293	0.370497
8.48485	0.338588
7.67677	0.290859
6.86869	0.225694
6.06061	0.150236
5.25253	0.0750236
4.44444	0.0368512
3.63636	0.0332786
2.82828	0.036767
2.0202	0.0394883
1.21212	0.0414988
0.40404	0.043369
-0.40404	0.0447606
-1.21212	0.0459068
-2.0202	0.0467754
-2.82828	0.0474415
-3.63636	0.0478936
-4.44444	0.0481107
-5.25252	0.0480918
)
