(title "Velocity Magnitude")
(labels "Position" "Velocity Magnitude")

((xy/key/label "rake-6-eixo-z")
15.9091	0.0351509
15.7273	0.0438844
15.5455	0.0449119
15.3636	0.0451023
15.1818	0.0451204
15	0.045065
14.8182	0.0448375
14.6364	0.0445841
14.4545	0.0443035
14.2727	0.0440014
14.0909	0.0436652
13.9091	0.043329
13.7273	0.0429357
13.5455	0.0425261
13.3636	0.0420859
13.1818	0.0416288
13	0.0411718
12.8182	0.0406131
12.6364	0.0400273
12.4545	0.0393893
12.2727	0.0386971
12.0909	0.0379521
11.9091	0.0371002
11.7273	0.0361972
11.5455	0.0351488
11.3636	0.0341003
11.1818	0.0329536
11	0.0316941
10.8182	0.0304346
10.6364	0.0290173
10.4545	0.0275979
10.2727	0.02605
10.0909	0.0244668
9.90909	0.0228303
9.72727	0.021151
9.54545	0.0194432
9.36364	0.0176393
9.18182	0.015815
9	0.0139987
8.81818	0.0121947
8.63636	0.0103907
8.45455	0.00865752
8.27273	0.00693457
8.09091	0.00545474
7.90909	0.00485672
7.72727	0.0042587
7.54545	0.00441204
7.36364	0.00517158
7.18182	0.00658477
7	0.00815639
6.81818	0.00978337
6.63636	0.0114071
6.45455	0.0129915
6.27273	0.014516
6.09091	0.0160406
5.90909	0.0174404
5.72727	0.0187727
5.54545	0.0200583
5.36364	0.0212254
5.18182	0.0223641
5	0.0233322
4.81818	0.0242587
4.63636	0.0251852
4.45455	0.0259696
4.27273	0.0265748
4.09091	0.0271767
3.90909	0.0277385
3.72727	0.0281654
3.54545	0.0284956
3.36364	0.0287375
3.18182	0.0289793
3	0.0291382
2.81818	0.0291838
2.63636	0.0291835
2.45455	0.0291832
2.27273	0.0291129
2.09091	0.0290138
1.90909	0.0289093
1.72727	0.0287307
1.54545	0.0285547
1.36364	0.028368
1.18182	0.0281738
1	0.0279797
0.818182	0.0276323
0.636364	0.0272756
0.454545	0.0266275
0.272727	0.0250069
0.0909091	0.015417
)
